1.000000e+00	-8.482463e+00
2.000000e+00	-8.479873e+00
3.000000e+00	-8.479665e+00
4.000000e+00	-8.481812e+00
5.000000e+00	-8.486290e+00
6.000000e+00	-8.493078e+00
7.000000e+00	-8.502153e+00
8.000000e+00	-8.513496e+00
9.000000e+00	-8.527088e+00
1.000000e+01	-8.542914e+00
1.100000e+01	-8.560956e+00
1.200000e+01	-8.581200e+00
1.300000e+01	-8.603633e+00
1.400000e+01	-8.628240e+00
1.500000e+01	-8.655011e+00
1.600000e+01	-8.683935e+00
1.700000e+01	-8.715000e+00
1.800000e+01	-8.748197e+00
1.900000e+01	-8.783517e+00
2.000000e+01	-8.820952e+00
2.100000e+01	-8.860494e+00
2.200000e+01	-8.902136e+00
2.300000e+01	-8.945870e+00
2.400000e+01	-8.991691e+00
2.500000e+01	-9.039592e+00
2.600000e+01	-9.089568e+00
2.700000e+01	-9.141614e+00
2.800000e+01	-9.195725e+00
2.900000e+01	-9.251897e+00
3.000000e+01	-9.310126e+00
3.100000e+01	-9.370407e+00
3.200000e+01	-9.432737e+00
3.300000e+01	-9.497113e+00
3.400000e+01	-9.563532e+00
3.500000e+01	-9.631990e+00
3.600000e+01	-9.702486e+00
3.700000e+01	-9.775016e+00
3.800000e+01	-9.849577e+00
3.900000e+01	-9.926169e+00
4.000000e+01	-1.000479e+01
4.100000e+01	-1.008543e+01
4.200000e+01	-1.016810e+01
4.300000e+01	-1.025280e+01
4.400000e+01	-1.033951e+01
4.500000e+01	-1.042824e+01
4.600000e+01	-1.051899e+01
4.700000e+01	-1.061176e+01
4.800000e+01	-1.070655e+01
4.900000e+01	-1.080335e+01
5.000000e+01	-1.090216e+01
5.100000e+01	-1.100298e+01
5.200000e+01	-1.110582e+01
5.300000e+01	-1.121067e+01
5.400000e+01	-1.131753e+01
5.500000e+01	-1.142640e+01
5.600000e+01	-1.153727e+01
5.700000e+01	-1.165016e+01
5.800000e+01	-1.176505e+01
5.900000e+01	-1.188195e+01
6.000000e+01	-1.200086e+01
6.100000e+01	-1.212177e+01
6.200000e+01	-1.224469e+01
6.300000e+01	-1.236962e+01
6.400000e+01	-1.249655e+01
6.500000e+01	-1.262549e+01
6.600000e+01	-1.275642e+01
6.700000e+01	-1.288937e+01
6.800000e+01	-1.302432e+01
6.900000e+01	-1.316127e+01
7.000000e+01	-1.330022e+01
7.100000e+01	-1.344118e+01
7.200000e+01	-1.358414e+01
7.300000e+01	-1.372910e+01
7.400000e+01	-1.387607e+01
7.500000e+01	-1.402504e+01
7.600000e+01	-1.417601e+01
7.700000e+01	-1.432898e+01
7.800000e+01	-1.448395e+01
7.900000e+01	-1.464093e+01
8.000000e+01	-1.479991e+01
8.100000e+01	-1.496089e+01
8.200000e+01	-1.512387e+01
8.300000e+01	-1.528885e+01
8.400000e+01	-1.545583e+01
8.500000e+01	-1.562482e+01
8.600000e+01	-1.579580e+01
8.700000e+01	-1.596879e+01
8.800000e+01	-1.614377e+01
8.900000e+01	-1.632076e+01
9.000000e+01	-1.649975e+01
9.100000e+01	-1.668074e+01
9.200000e+01	-1.686373e+01
9.300000e+01	-1.704872e+01
9.400000e+01	-1.723571e+01
9.500000e+01	-1.742471e+01
9.600000e+01	-1.761570e+01
9.700000e+01	-1.780869e+01
9.800000e+01	-1.800369e+01
9.900000e+01	-1.820068e+01
1.000000e+02	-1.839967e+01
1.010000e+02	-1.860067e+01
1.020000e+02	-1.880366e+01
1.030000e+02	-1.900866e+01
1.040000e+02	-1.921566e+01
1.050000e+02	-1.942465e+01
1.060000e+02	-1.963565e+01
1.070000e+02	-1.984865e+01
1.080000e+02	-2.006364e+01
1.090000e+02	-2.028064e+01
1.100000e+02	-2.049964e+01
1.110000e+02	-2.072063e+01
1.120000e+02	-2.094363e+01
1.130000e+02	-2.116863e+01
1.140000e+02	-2.139563e+01
1.150000e+02	-2.162463e+01
1.160000e+02	-2.185562e+01
1.170000e+02	-2.208862e+01
1.180000e+02	-2.232362e+01
1.190000e+02	-2.256062e+01
1.200000e+02	-2.279962e+01
1.210000e+02	-2.304062e+01
1.220000e+02	-2.328362e+01
1.230000e+02	-2.352861e+01
1.240000e+02	-2.377561e+01
1.250000e+02	-2.402461e+01
1.260000e+02	-2.427561e+01
1.270000e+02	-2.452861e+01
1.280000e+02	-2.478361e+01
1.290000e+02	-2.504061e+01
1.300000e+02	-2.529961e+01
1.310000e+02	-2.556061e+01
1.320000e+02	-2.582361e+01
1.330000e+02	-2.608861e+01
1.340000e+02	-2.635561e+01
1.350000e+02	-2.662461e+01
1.360000e+02	-2.689561e+01
1.370000e+02	-2.716861e+01
1.380000e+02	-2.744361e+01
1.390000e+02	-2.772060e+01
1.400000e+02	-2.799960e+01
1.410000e+02	-2.828060e+01
1.420000e+02	-2.856360e+01
1.430000e+02	-2.884860e+01
1.440000e+02	-2.913560e+01
1.450000e+02	-2.942460e+01
1.460000e+02	-2.971560e+01
1.470000e+02	-3.000860e+01
1.480000e+02	-3.030360e+01
1.490000e+02	-3.060060e+01
1.500000e+02	-3.089960e+01
1.510000e+02	-3.120060e+01
1.520000e+02	-3.150360e+01
1.530000e+02	-3.180860e+01
1.540000e+02	-3.211560e+01
1.550000e+02	-3.242460e+01
1.560000e+02	-3.273560e+01
1.570000e+02	-3.304860e+01
1.580000e+02	-3.336360e+01
1.590000e+02	-3.368060e+01
1.600000e+02	-3.399960e+01
1.610000e+02	-3.432060e+01
1.620000e+02	-3.464360e+01
1.630000e+02	-3.496860e+01
1.640000e+02	-3.529560e+01
1.650000e+02	-3.562460e+01
1.660000e+02	-3.595560e+01
1.670000e+02	-3.628860e+01
1.680000e+02	-3.662360e+01
1.690000e+02	-3.696060e+01
1.700000e+02	-3.729960e+01
1.710000e+02	-3.764060e+01
1.720000e+02	-3.798360e+01
1.730000e+02	-3.832860e+01
1.740000e+02	-3.867560e+01
1.750000e+02	-3.902460e+01
1.760000e+02	-3.937560e+01
1.770000e+02	-3.972860e+01
1.780000e+02	-4.008360e+01
1.790000e+02	-4.044060e+01
1.800000e+02	-4.079960e+01
1.810000e+02	-4.116060e+01
1.820000e+02	-4.152360e+01
1.830000e+02	-4.188860e+01
1.840000e+02	-4.225560e+01
1.850000e+02	-4.262460e+01
1.860000e+02	-4.299560e+01
1.870000e+02	-4.336860e+01
1.880000e+02	-4.374360e+01
1.890000e+02	-4.412060e+01
1.900000e+02	-4.449960e+01
1.910000e+02	-4.488060e+01
1.920000e+02	-4.526360e+01
1.930000e+02	-4.564860e+01
1.940000e+02	-4.603560e+01
1.950000e+02	-4.642460e+01
1.960000e+02	-4.681560e+01
1.970000e+02	-4.720860e+01
1.980000e+02	-4.760360e+01
1.990000e+02	-4.800060e+01
2.000000e+02	-4.839960e+01
2.010000e+02	-4.880060e+01
2.020000e+02	-4.920360e+01
2.030000e+02	-4.960860e+01
2.040000e+02	-5.001560e+01
2.050000e+02	-5.042460e+01
2.060000e+02	-5.083560e+01
2.070000e+02	-5.124860e+01
2.080000e+02	-5.166360e+01
2.090000e+02	-5.208060e+01
2.100000e+02	-5.249960e+01
2.110000e+02	-5.292060e+01
2.120000e+02	-5.334360e+01
2.130000e+02	-5.376860e+01
2.140000e+02	-5.419560e+01
2.150000e+02	-5.462460e+01
2.160000e+02	-5.505560e+01
2.170000e+02	-5.548860e+01
2.180000e+02	-5.592360e+01
2.190000e+02	-5.636060e+01
2.200000e+02	-5.679960e+01
2.210000e+02	-5.724060e+01
2.220000e+02	-5.768360e+01
2.230000e+02	-5.812860e+01
2.240000e+02	-5.857560e+01
2.250000e+02	-5.902460e+01
2.260000e+02	-5.947560e+01
2.270000e+02	-5.992860e+01
2.280000e+02	-6.038360e+01
2.290000e+02	-6.084060e+01
2.300000e+02	-6.129960e+01
2.310000e+02	-6.176060e+01
2.320000e+02	-6.222360e+01
2.330000e+02	-6.268860e+01
2.340000e+02	-6.315560e+01
2.350000e+02	-6.362460e+01
2.360000e+02	-6.409560e+01
2.370000e+02	-6.456860e+01
2.380000e+02	-6.504360e+01
2.390000e+02	-6.552060e+01
2.400000e+02	-6.599960e+01
2.410000e+02	-6.648060e+01
2.420000e+02	-6.696360e+01
2.430000e+02	-6.744860e+01
2.440000e+02	-6.793560e+01
2.450000e+02	-6.842460e+01
2.460000e+02	-6.891560e+01
2.470000e+02	-6.940860e+01
2.480000e+02	-6.990360e+01
2.490000e+02	-7.040060e+01
2.500000e+02	-7.089960e+01
2.510000e+02	-7.140060e+01
2.520000e+02	-7.190360e+01
2.530000e+02	-7.240860e+01
2.540000e+02	-7.291560e+01
2.550000e+02	-7.342460e+01
2.560000e+02	-7.393560e+01
2.570000e+02	-7.444860e+01
2.580000e+02	-7.496360e+01
2.590000e+02	-7.548060e+01
2.600000e+02	-7.599960e+01
2.610000e+02	-7.652060e+01
2.620000e+02	-7.704360e+01
2.630000e+02	-7.756860e+01
2.640000e+02	-7.809560e+01
2.650000e+02	-7.862460e+01
2.660000e+02	-7.915560e+01
2.670000e+02	-7.968860e+01
2.680000e+02	-8.022360e+01
2.690000e+02	-8.076060e+01
2.700000e+02	-8.129960e+01
2.710000e+02	-8.184060e+01
2.720000e+02	-8.238360e+01
2.730000e+02	-8.292860e+01
2.740000e+02	-8.347560e+01
2.750000e+02	-8.402460e+01
2.760000e+02	-8.457560e+01
2.770000e+02	-8.512860e+01
2.780000e+02	-8.568360e+01
2.790000e+02	-8.624060e+01
2.800000e+02	-8.679960e+01
2.810000e+02	-8.736060e+01
2.820000e+02	-8.792360e+01
2.830000e+02	-8.848860e+01
2.840000e+02	-8.905560e+01
2.850000e+02	-8.962460e+01
2.860000e+02	-9.019560e+01
2.870000e+02	-9.076860e+01
2.880000e+02	-9.134360e+01
2.890000e+02	-9.192060e+01
2.900000e+02	-9.249960e+01
2.910000e+02	-9.308060e+01
2.920000e+02	-9.366360e+01
2.930000e+02	-9.424860e+01
2.940000e+02	-9.483560e+01
2.950000e+02	-9.542460e+01
2.960000e+02	-9.601560e+01
2.970000e+02	-9.660860e+01
2.980000e+02	-9.720360e+01
2.990000e+02	-9.780060e+01
3.000000e+02	-9.839960e+01
3.010000e+02	-9.900060e+01
3.020000e+02	-9.960360e+01
3.030000e+02	-1.002086e+02
3.040000e+02	-1.008156e+02
3.050000e+02	-1.014246e+02
3.060000e+02	-1.020356e+02
3.070000e+02	-1.026486e+02
3.080000e+02	-1.032636e+02
3.090000e+02	-1.038806e+02
3.100000e+02	-1.044996e+02
3.110000e+02	-1.051206e+02
3.120000e+02	-1.057436e+02
3.130000e+02	-1.063686e+02
3.140000e+02	-1.069956e+02
3.150000e+02	-1.076246e+02
3.160000e+02	-1.082556e+02
3.170000e+02	-1.088886e+02
3.180000e+02	-1.095236e+02
3.190000e+02	-1.101606e+02
3.200000e+02	-1.107996e+02
3.210000e+02	-1.114406e+02
3.220000e+02	-1.120836e+02
3.230000e+02	-1.127286e+02
3.240000e+02	-1.133756e+02
3.250000e+02	-1.140246e+02
3.260000e+02	-1.146756e+02
3.270000e+02	-1.153286e+02
3.280000e+02	-1.159836e+02
3.290000e+02	-1.166406e+02
3.300000e+02	-1.172996e+02
3.310000e+02	-1.179606e+02
3.320000e+02	-1.186236e+02
3.330000e+02	-1.192886e+02
3.340000e+02	-1.199556e+02
3.350000e+02	-1.206246e+02
3.360000e+02	-1.212956e+02
3.370000e+02	-1.219686e+02
3.380000e+02	-1.226436e+02
3.390000e+02	-1.233206e+02
3.400000e+02	-1.239996e+02
3.410000e+02	-1.246806e+02
3.420000e+02	-1.253636e+02
3.430000e+02	-1.260486e+02
3.440000e+02	-1.267356e+02
3.450000e+02	-1.274246e+02
3.460000e+02	-1.281156e+02
3.470000e+02	-1.288086e+02
3.480000e+02	-1.295036e+02
3.490000e+02	-1.302006e+02
3.500000e+02	-1.308996e+02
3.510000e+02	-1.316006e+02
3.520000e+02	-1.323036e+02
3.530000e+02	-1.330086e+02
3.540000e+02	-1.337156e+02
3.550000e+02	-1.344246e+02
3.560000e+02	-1.351356e+02
3.570000e+02	-1.358486e+02
3.580000e+02	-1.365636e+02
3.590000e+02	-1.372806e+02
3.600000e+02	-1.379996e+02
3.610000e+02	-1.387206e+02
3.620000e+02	-1.394436e+02
3.630000e+02	-1.401686e+02
3.640000e+02	-1.408956e+02
3.650000e+02	-1.416246e+02
3.660000e+02	-1.423556e+02
3.670000e+02	-1.430886e+02
3.680000e+02	-1.438236e+02
3.690000e+02	-1.445606e+02
3.700000e+02	-1.452996e+02
3.710000e+02	-1.460406e+02
3.720000e+02	-1.467836e+02
3.730000e+02	-1.475286e+02
3.740000e+02	-1.482756e+02
3.750000e+02	-1.490246e+02
3.760000e+02	-1.497756e+02
3.770000e+02	-1.505286e+02
3.780000e+02	-1.512836e+02
3.790000e+02	-1.520406e+02
3.800000e+02	-1.527996e+02
3.810000e+02	-1.535606e+02
3.820000e+02	-1.543236e+02
3.830000e+02	-1.550886e+02
3.840000e+02	-1.558556e+02
3.850000e+02	-1.566246e+02
3.860000e+02	-1.573956e+02
3.870000e+02	-1.581686e+02
3.880000e+02	-1.589436e+02
3.890000e+02	-1.597206e+02
3.900000e+02	-1.604996e+02
3.910000e+02	-1.612806e+02
3.920000e+02	-1.620636e+02
3.930000e+02	-1.628486e+02
3.940000e+02	-1.636356e+02
3.950000e+02	-1.644246e+02
3.960000e+02	-1.652156e+02
3.970000e+02	-1.660086e+02
3.980000e+02	-1.668036e+02
3.990000e+02	-1.676006e+02
4.000000e+02	-1.683996e+02
4.010000e+02	-1.692006e+02
4.020000e+02	-1.700036e+02
4.030000e+02	-1.708086e+02
4.040000e+02	-1.716156e+02
4.050000e+02	-1.724246e+02
4.060000e+02	-1.732356e+02
4.070000e+02	-1.740486e+02
4.080000e+02	-1.748636e+02
4.090000e+02	-1.756806e+02
4.100000e+02	-1.764996e+02
4.110000e+02	-1.773206e+02
4.120000e+02	-1.781436e+02
4.130000e+02	-1.789686e+02
4.140000e+02	-1.797956e+02
4.150000e+02	-1.806246e+02
4.160000e+02	-1.814556e+02
4.170000e+02	-1.822886e+02
4.180000e+02	-1.831236e+02
4.190000e+02	-1.839606e+02
4.200000e+02	-1.847996e+02
4.210000e+02	-1.856406e+02
4.220000e+02	-1.864836e+02
4.230000e+02	-1.873286e+02
4.240000e+02	-1.881756e+02
4.250000e+02	-1.890246e+02
4.260000e+02	-1.898756e+02
4.270000e+02	-1.907286e+02
4.280000e+02	-1.915836e+02
4.290000e+02	-1.924406e+02
4.300000e+02	-1.932996e+02
4.310000e+02	-1.941606e+02
4.320000e+02	-1.950236e+02
4.330000e+02	-1.958886e+02
4.340000e+02	-1.967556e+02
4.350000e+02	-1.976246e+02
4.360000e+02	-1.984956e+02
4.370000e+02	-1.993686e+02
4.380000e+02	-2.002436e+02
4.390000e+02	-2.011206e+02
4.400000e+02	-2.019996e+02
4.410000e+02	-2.028806e+02
4.420000e+02	-2.037636e+02
4.430000e+02	-2.046486e+02
4.440000e+02	-2.055356e+02
4.450000e+02	-2.064246e+02
4.460000e+02	-2.073156e+02
4.470000e+02	-2.082086e+02
4.480000e+02	-2.091036e+02
4.490000e+02	-2.100006e+02
4.500000e+02	-2.108996e+02
4.510000e+02	-2.118006e+02
4.520000e+02	-2.127036e+02
4.530000e+02	-2.136086e+02
4.540000e+02	-2.145156e+02
4.550000e+02	-2.154246e+02
4.560000e+02	-2.163356e+02
4.570000e+02	-2.172486e+02
4.580000e+02	-2.181636e+02
4.590000e+02	-2.190806e+02
4.600000e+02	-2.199996e+02
4.610000e+02	-2.209206e+02
4.620000e+02	-2.218436e+02
4.630000e+02	-2.227686e+02
4.640000e+02	-2.236956e+02
4.650000e+02	-2.246246e+02
4.660000e+02	-2.255556e+02
4.670000e+02	-2.264886e+02
4.680000e+02	-2.274236e+02
4.690000e+02	-2.283606e+02
4.700000e+02	-2.292996e+02
4.710000e+02	-2.302406e+02
4.720000e+02	-2.311836e+02
4.730000e+02	-2.321286e+02
4.740000e+02	-2.330756e+02
4.750000e+02	-2.340246e+02
4.760000e+02	-2.349756e+02
4.770000e+02	-2.359286e+02
4.780000e+02	-2.368836e+02
4.790000e+02	-2.378406e+02
4.800000e+02	-2.387996e+02
4.810000e+02	-2.397606e+02
4.820000e+02	-2.407236e+02
4.830000e+02	-2.416886e+02
4.840000e+02	-2.426556e+02
4.850000e+02	-2.436246e+02
4.860000e+02	-2.445956e+02
4.870000e+02	-2.455686e+02
4.880000e+02	-2.465436e+02
4.890000e+02	-2.475206e+02
4.900000e+02	-2.484996e+02
4.910000e+02	-2.494806e+02
4.920000e+02	-2.504636e+02
4.930000e+02	-2.514486e+02
4.940000e+02	-2.524356e+02
4.950000e+02	-2.534246e+02
4.960000e+02	-2.544156e+02
4.970000e+02	-2.554086e+02
4.980000e+02	-2.564036e+02
4.990000e+02	-2.574006e+02
5.000000e+02	-2.583996e+02
5.010000e+02	-2.594006e+02
5.020000e+02	-2.604036e+02
5.030000e+02	-2.614086e+02
5.040000e+02	-2.624156e+02
5.050000e+02	-2.634246e+02
5.060000e+02	-2.644356e+02
5.070000e+02	-2.654486e+02
5.080000e+02	-2.664636e+02
5.090000e+02	-2.674806e+02
5.100000e+02	-2.684996e+02
5.110000e+02	-2.695206e+02
5.120000e+02	-2.705436e+02
5.130000e+02	-2.715686e+02
5.140000e+02	-2.725956e+02
5.150000e+02	-2.736246e+02
5.160000e+02	-2.746556e+02
5.170000e+02	-2.756886e+02
5.180000e+02	-2.767236e+02
5.190000e+02	-2.777606e+02
5.200000e+02	-2.787996e+02
5.210000e+02	-2.798406e+02
5.220000e+02	-2.808836e+02
5.230000e+02	-2.819286e+02
5.240000e+02	-2.829756e+02
5.250000e+02	-2.840246e+02
5.260000e+02	-2.850756e+02
5.270000e+02	-2.861286e+02
5.280000e+02	-2.871836e+02
5.290000e+02	-2.882406e+02
5.300000e+02	-2.892996e+02
5.310000e+02	-2.903606e+02
5.320000e+02	-2.914236e+02
5.330000e+02	-2.924886e+02
5.340000e+02	-2.935556e+02
5.350000e+02	-2.946246e+02
5.360000e+02	-2.956956e+02
5.370000e+02	-2.967686e+02
5.380000e+02	-2.978436e+02
5.390000e+02	-2.989206e+02
5.400000e+02	-2.999996e+02
5.410000e+02	-3.010806e+02
5.420000e+02	-3.021636e+02
5.430000e+02	-3.032486e+02
5.440000e+02	-3.043356e+02
5.450000e+02	-3.054246e+02
5.460000e+02	-3.065156e+02
5.470000e+02	-3.076086e+02
5.480000e+02	-3.087036e+02
5.490000e+02	-3.098006e+02
5.500000e+02	-3.108996e+02
5.510000e+02	-3.120006e+02
5.520000e+02	-3.131036e+02
5.530000e+02	-3.142086e+02
5.540000e+02	-3.153156e+02
5.550000e+02	-3.164246e+02
5.560000e+02	-3.175356e+02
5.570000e+02	-3.186486e+02
5.580000e+02	-3.197636e+02
5.590000e+02	-3.208806e+02
5.600000e+02	-3.219996e+02
5.610000e+02	-3.231206e+02
5.620000e+02	-3.242436e+02
5.630000e+02	-3.253686e+02
5.640000e+02	-3.264956e+02
5.650000e+02	-3.276246e+02
5.660000e+02	-3.287556e+02
5.670000e+02	-3.298886e+02
5.680000e+02	-3.310236e+02
5.690000e+02	-3.321606e+02
5.700000e+02	-3.332996e+02
5.710000e+02	-3.344406e+02
5.720000e+02	-3.355836e+02
5.730000e+02	-3.367286e+02
5.740000e+02	-3.378756e+02
5.750000e+02	-3.390246e+02
5.760000e+02	-3.401756e+02
5.770000e+02	-3.413286e+02
5.780000e+02	-3.424836e+02
5.790000e+02	-3.436406e+02
5.800000e+02	-3.447996e+02
5.810000e+02	-3.459606e+02
5.820000e+02	-3.471236e+02
5.830000e+02	-3.482886e+02
5.840000e+02	-3.494556e+02
5.850000e+02	-3.506246e+02
5.860000e+02	-3.517956e+02
5.870000e+02	-3.529686e+02
5.880000e+02	-3.541436e+02
5.890000e+02	-3.553206e+02
5.900000e+02	-3.564996e+02
5.910000e+02	-3.576806e+02
5.920000e+02	-3.588636e+02
5.930000e+02	-3.600486e+02
5.940000e+02	-3.612356e+02
5.950000e+02	-3.624246e+02
5.960000e+02	-3.636156e+02
5.970000e+02	-3.648086e+02
5.980000e+02	-3.660036e+02
5.990000e+02	-3.672006e+02
6.000000e+02	-3.683996e+02
6.010000e+02	-3.696006e+02
6.020000e+02	-3.708036e+02
6.030000e+02	-3.720086e+02
6.040000e+02	-3.732156e+02
6.050000e+02	-3.744246e+02
6.060000e+02	-3.756356e+02
6.070000e+02	-3.768486e+02
6.080000e+02	-3.780636e+02
6.090000e+02	-3.792806e+02
6.100000e+02	-3.804996e+02
6.110000e+02	-3.817206e+02
6.120000e+02	-3.829436e+02
6.130000e+02	-3.841686e+02
6.140000e+02	-3.853956e+02
6.150000e+02	-3.866246e+02
6.160000e+02	-3.878556e+02
6.170000e+02	-3.890886e+02
6.180000e+02	-3.903236e+02
6.190000e+02	-3.915606e+02
6.200000e+02	-3.927996e+02
6.210000e+02	-3.940406e+02
6.220000e+02	-3.952836e+02
6.230000e+02	-3.965286e+02
6.240000e+02	-3.977756e+02
6.250000e+02	-3.990246e+02
6.260000e+02	-4.002756e+02
6.270000e+02	-4.015286e+02
6.280000e+02	-4.027836e+02
6.290000e+02	-4.040406e+02
6.300000e+02	-4.052996e+02
6.310000e+02	-4.065606e+02
6.320000e+02	-4.078236e+02
6.330000e+02	-4.090886e+02
6.340000e+02	-4.103556e+02
6.350000e+02	-4.116246e+02
6.360000e+02	-4.128956e+02
6.370000e+02	-4.141686e+02
6.380000e+02	-4.154436e+02
6.390000e+02	-4.167206e+02
6.400000e+02	-4.179996e+02
6.410000e+02	-4.192806e+02
6.420000e+02	-4.205636e+02
6.430000e+02	-4.218486e+02
6.440000e+02	-4.231356e+02
6.450000e+02	-4.244246e+02
6.460000e+02	-4.257156e+02
6.470000e+02	-4.270086e+02
6.480000e+02	-4.283036e+02
6.490000e+02	-4.296006e+02
6.500000e+02	-4.308996e+02
6.510000e+02	-4.322006e+02
6.520000e+02	-4.335036e+02
6.530000e+02	-4.348086e+02
6.540000e+02	-4.361156e+02
6.550000e+02	-4.374246e+02
6.560000e+02	-4.387356e+02
6.570000e+02	-4.400486e+02
6.580000e+02	-4.413636e+02
6.590000e+02	-4.426806e+02
6.600000e+02	-4.439996e+02
6.610000e+02	-4.453206e+02
6.620000e+02	-4.466436e+02
6.630000e+02	-4.479686e+02
6.640000e+02	-4.492956e+02
6.650000e+02	-4.506246e+02
6.660000e+02	-4.519556e+02
6.670000e+02	-4.532886e+02
6.680000e+02	-4.546236e+02
6.690000e+02	-4.559606e+02
6.700000e+02	-4.572996e+02
6.710000e+02	-4.586406e+02
6.720000e+02	-4.599836e+02
6.730000e+02	-4.613286e+02
6.740000e+02	-4.626756e+02
6.750000e+02	-4.640246e+02
6.760000e+02	-4.653756e+02
6.770000e+02	-4.667286e+02
6.780000e+02	-4.680836e+02
6.790000e+02	-4.694406e+02
6.800000e+02	-4.707996e+02
6.810000e+02	-4.721606e+02
6.820000e+02	-4.735236e+02
6.830000e+02	-4.748886e+02
6.840000e+02	-4.762556e+02
6.850000e+02	-4.776246e+02
6.860000e+02	-4.789956e+02
6.870000e+02	-4.803686e+02
6.880000e+02	-4.817436e+02
6.890000e+02	-4.831206e+02
6.900000e+02	-4.844996e+02
6.910000e+02	-4.858806e+02
6.920000e+02	-4.872636e+02
6.930000e+02	-4.886486e+02
6.940000e+02	-4.900356e+02
6.950000e+02	-4.914246e+02
6.960000e+02	-4.928156e+02
6.970000e+02	-4.942086e+02
6.980000e+02	-4.956036e+02
6.990000e+02	-4.970006e+02
7.000000e+02	-4.983996e+02
7.010000e+02	-4.998006e+02
7.020000e+02	-5.012036e+02
7.030000e+02	-5.026086e+02
7.040000e+02	-5.040156e+02
7.050000e+02	-5.054246e+02
7.060000e+02	-5.068356e+02
7.070000e+02	-5.082486e+02
7.080000e+02	-5.096636e+02
7.090000e+02	-5.110806e+02
7.100000e+02	-5.124996e+02
7.110000e+02	-5.139206e+02
7.120000e+02	-5.153436e+02
7.130000e+02	-5.167686e+02
7.140000e+02	-5.181956e+02
7.150000e+02	-5.196246e+02
7.160000e+02	-5.210556e+02
7.170000e+02	-5.224886e+02
7.180000e+02	-5.239236e+02
7.190000e+02	-5.253606e+02
7.200000e+02	-5.267996e+02
7.210000e+02	-5.282406e+02
7.220000e+02	-5.296836e+02
7.230000e+02	-5.311286e+02
7.240000e+02	-5.325756e+02
7.250000e+02	-5.340246e+02
7.260000e+02	-5.354756e+02
7.270000e+02	-5.369286e+02
7.280000e+02	-5.383836e+02
7.290000e+02	-5.398406e+02
7.300000e+02	-5.412996e+02
7.310000e+02	-5.427606e+02
7.320000e+02	-5.442236e+02
7.330000e+02	-5.456886e+02
7.340000e+02	-5.471556e+02
7.350000e+02	-5.486246e+02
7.360000e+02	-5.500956e+02
7.370000e+02	-5.515686e+02
7.380000e+02	-5.530436e+02
7.390000e+02	-5.545206e+02
7.400000e+02	-5.559996e+02
7.410000e+02	-5.574806e+02
7.420000e+02	-5.589636e+02
7.430000e+02	-5.604486e+02
7.440000e+02	-5.619356e+02
7.450000e+02	-5.634246e+02
7.460000e+02	-5.649156e+02
7.470000e+02	-5.664086e+02
7.480000e+02	-5.679036e+02
7.490000e+02	-5.694006e+02
7.500000e+02	-5.708996e+02
7.510000e+02	-5.724006e+02
7.520000e+02	-5.739036e+02
7.530000e+02	-5.754086e+02
7.540000e+02	-5.769156e+02
7.550000e+02	-5.784246e+02
7.560000e+02	-5.799356e+02
7.570000e+02	-5.814486e+02
7.580000e+02	-5.829636e+02
7.590000e+02	-5.844806e+02
7.600000e+02	-5.859996e+02
7.610000e+02	-5.875206e+02
7.620000e+02	-5.890436e+02
7.630000e+02	-5.905686e+02
7.640000e+02	-5.920956e+02
7.650000e+02	-5.936246e+02
7.660000e+02	-5.951556e+02
7.670000e+02	-5.966886e+02
7.680000e+02	-5.982236e+02
7.690000e+02	-5.997606e+02
7.700000e+02	-6.012996e+02
7.710000e+02	-6.028406e+02
7.720000e+02	-6.043836e+02
7.730000e+02	-6.059286e+02
7.740000e+02	-6.074756e+02
7.750000e+02	-6.090246e+02
7.760000e+02	-6.105756e+02
7.770000e+02	-6.121286e+02
7.780000e+02	-6.136836e+02
7.790000e+02	-6.152406e+02
7.800000e+02	-6.167996e+02
7.810000e+02	-6.183606e+02
7.820000e+02	-6.199236e+02
7.830000e+02	-6.214886e+02
7.840000e+02	-6.230556e+02
7.850000e+02	-6.246246e+02
7.860000e+02	-6.261956e+02
7.870000e+02	-6.277686e+02
7.880000e+02	-6.293436e+02
7.890000e+02	-6.309206e+02
7.900000e+02	-6.324996e+02
7.910000e+02	-6.340806e+02
7.920000e+02	-6.356636e+02
7.930000e+02	-6.372486e+02
7.940000e+02	-6.388356e+02
7.950000e+02	-6.404246e+02
7.960000e+02	-6.420156e+02
7.970000e+02	-6.436086e+02
7.980000e+02	-6.452036e+02
7.990000e+02	-6.468006e+02
8.000000e+02	-6.483996e+02
8.010000e+02	-6.500006e+02
8.020000e+02	-6.516036e+02
8.030000e+02	-6.532086e+02
8.040000e+02	-6.548156e+02
8.050000e+02	-6.564246e+02
8.060000e+02	-6.580356e+02
8.070000e+02	-6.596486e+02
8.080000e+02	-6.612636e+02
8.090000e+02	-6.628806e+02
8.100000e+02	-6.644996e+02
8.110000e+02	-6.661206e+02
8.120000e+02	-6.677436e+02
8.130000e+02	-6.693686e+02
8.140000e+02	-6.709955e+02
8.150000e+02	-6.726245e+02
8.160000e+02	-6.742555e+02
8.170000e+02	-6.758885e+02
8.180000e+02	-6.775235e+02
8.190000e+02	-6.791605e+02
8.200000e+02	-6.807995e+02
8.210000e+02	-6.824405e+02
8.220000e+02	-6.840835e+02
8.230000e+02	-6.857285e+02
8.240000e+02	-6.873755e+02
8.250000e+02	-6.890245e+02
8.260000e+02	-6.906755e+02
8.270000e+02	-6.923285e+02
8.280000e+02	-6.939835e+02
8.290000e+02	-6.956404e+02
8.300000e+02	-6.972994e+02
8.310000e+02	-6.989604e+02
8.320000e+02	-7.006234e+02
8.330000e+02	-7.022884e+02
8.340000e+02	-7.039554e+02
8.350000e+02	-7.056244e+02
8.360000e+02	-7.072953e+02
8.370000e+02	-7.089683e+02
8.380000e+02	-7.106433e+02
8.390000e+02	-7.123203e+02
8.400000e+02	-7.139993e+02
8.410000e+02	-7.156802e+02
8.420000e+02	-7.173632e+02
8.430000e+02	-7.190482e+02
8.440000e+02	-7.207352e+02
8.450000e+02	-7.224241e+02
8.460000e+02	-7.241151e+02
8.470000e+02	-7.258081e+02
8.480000e+02	-7.275030e+02
8.490000e+02	-7.292000e+02
8.500000e+02	-7.308989e+02
8.510000e+02	-7.325999e+02
8.520000e+02	-7.343028e+02
8.530000e+02	-7.360078e+02
8.540000e+02	-7.377147e+02
8.550000e+02	-7.394236e+02
8.560000e+02	-7.411346e+02
8.570000e+02	-7.428475e+02
8.580000e+02	-7.445624e+02
8.590000e+02	-7.462793e+02
8.600000e+02	-7.479982e+02
8.610000e+02	-7.497191e+02
8.620000e+02	-7.514420e+02
8.630000e+02	-7.531669e+02
8.640000e+02	-7.548938e+02
8.650000e+02	-7.566227e+02
8.660000e+02	-7.583535e+02
8.670000e+02	-7.600864e+02
8.680000e+02	-7.618212e+02
8.690000e+02	-7.635580e+02
8.700000e+02	-7.652968e+02
8.710000e+02	-7.670376e+02
8.720000e+02	-7.687804e+02
8.730000e+02	-7.705252e+02
8.740000e+02	-7.722719e+02
8.750000e+02	-7.740207e+02
8.760000e+02	-7.757714e+02
8.770000e+02	-7.775241e+02
8.780000e+02	-7.792787e+02
8.790000e+02	-7.810354e+02
8.800000e+02	-7.827940e+02
8.810000e+02	-7.845546e+02
8.820000e+02	-7.863171e+02
8.830000e+02	-7.880816e+02
8.840000e+02	-7.898481e+02
8.850000e+02	-7.916166e+02
8.860000e+02	-7.933870e+02
8.870000e+02	-7.951594e+02
8.880000e+02	-7.969337e+02
8.890000e+02	-7.987100e+02
8.900000e+02	-8.004882e+02
8.910000e+02	-8.022684e+02
8.920000e+02	-8.040505e+02
8.930000e+02	-8.058345e+02
8.940000e+02	-8.076205e+02
8.950000e+02	-8.094084e+02
8.960000e+02	-8.111982e+02
8.970000e+02	-8.129899e+02
8.980000e+02	-8.147835e+02
8.990000e+02	-8.165790e+02
9.000000e+02	-8.183765e+02
9.010000e+02	-8.201758e+02
9.020000e+02	-8.219769e+02
9.030000e+02	-8.237800e+02
9.040000e+02	-8.255849e+02
9.050000e+02	-8.273916e+02
9.060000e+02	-8.292002e+02
9.070000e+02	-8.310106e+02
9.080000e+02	-8.328229e+02
9.090000e+02	-8.346369e+02
9.100000e+02	-8.364527e+02
9.110000e+02	-8.382702e+02
9.120000e+02	-8.400895e+02
9.130000e+02	-8.419106e+02
9.140000e+02	-8.437333e+02
9.150000e+02	-8.455577e+02
9.160000e+02	-8.473838e+02
9.170000e+02	-8.492116e+02
9.180000e+02	-8.510409e+02
9.190000e+02	-8.528719e+02
9.200000e+02	-8.547044e+02
9.210000e+02	-8.565384e+02
9.220000e+02	-8.583739e+02
9.230000e+02	-8.602109e+02
9.240000e+02	-8.620492e+02
9.250000e+02	-8.638890e+02
9.260000e+02	-8.657300e+02
9.270000e+02	-8.675724e+02
9.280000e+02	-8.694159e+02
9.290000e+02	-8.712606e+02
9.300000e+02	-8.731064e+02
9.310000e+02	-8.749533e+02
9.320000e+02	-8.768011e+02
9.330000e+02	-8.786498e+02
9.340000e+02	-8.804993e+02
9.350000e+02	-8.823495e+02
9.360000e+02	-8.842003e+02
9.370000e+02	-8.860517e+02
9.380000e+02	-8.879035e+02
9.390000e+02	-8.897555e+02
9.400000e+02	-8.916078e+02
9.410000e+02	-8.934601e+02
9.420000e+02	-8.953122e+02
9.430000e+02	-8.971642e+02
9.440000e+02	-8.990156e+02
9.450000e+02	-9.008665e+02
9.460000e+02	-9.027166e+02
9.470000e+02	-9.045657e+02
9.480000e+02	-9.064136e+02
9.490000e+02	-9.082600e+02
9.500000e+02	-9.101048e+02
9.510000e+02	-9.119475e+02
9.520000e+02	-9.137880e+02
9.530000e+02	-9.156259e+02
9.540000e+02	-9.174609e+02
9.550000e+02	-9.192925e+02
9.560000e+02	-9.211206e+02
9.570000e+02	-9.229445e+02
9.580000e+02	-9.247639e+02
9.590000e+02	-9.265784e+02
9.600000e+02	-9.283873e+02
9.610000e+02	-9.301901e+02
9.620000e+02	-9.319863e+02
9.630000e+02	-9.337751e+02
9.640000e+02	-9.355560e+02
9.650000e+02	-9.373282e+02
9.660000e+02	-9.390909e+02
9.670000e+02	-9.408432e+02
9.680000e+02	-9.425844e+02
9.690000e+02	-9.443133e+02
9.700000e+02	-9.460289e+02
9.710000e+02	-9.477302e+02
9.720000e+02	-9.494159e+02
9.730000e+02	-9.510848e+02
9.740000e+02	-9.527354e+02
9.750000e+02	-9.543663e+02
9.760000e+02	-9.559758e+02
9.770000e+02	-9.575624e+02
9.780000e+02	-9.591241e+02
9.790000e+02	-9.606590e+02
9.800000e+02	-9.621649e+02
9.810000e+02	-9.636396e+02
9.820000e+02	-9.650807e+02
9.830000e+02	-9.664855e+02
9.840000e+02	-9.678513e+02
9.850000e+02	-9.691750e+02
9.860000e+02	-9.704534e+02
9.870000e+02	-9.716831e+02
9.880000e+02	-9.728603e+02
9.890000e+02	-9.739810e+02
9.900000e+02	-9.750409e+02
9.910000e+02	-9.760355e+02
9.920000e+02	-9.769597e+02
9.930000e+02	-9.778084e+02
9.940000e+02	-9.785758e+02
9.950000e+02	-9.792558e+02
9.960000e+02	-9.798419e+02
9.970000e+02	-9.803270e+02
9.980000e+02	-9.807035e+02
9.990000e+02	-9.809635e+02
1.000000e+03	-9.810981e+02
